[logo2.jpg]
moddate=0a7d9cb4ca69d601
width=952
height=616
text=2;141;7;Franco ;Berlin Sans FB Demi;0.423273,0.107053,0.200000,6.283185;v1,4294967295,4287079088,128.000000,1.000000,0.355140,1.000000,400,2,49152;;133;8;Pet Shop;Bauhaus 93;0.407607,0.579845,0.200000,5.844303;v1,4294967295,4287079088,128.000000,1.000000,0.500000,1.000000,400,2,49152;;
textactive=1
[animales.jpg]
filters=crop64=1,4840af9fc15f67d;
crop=rect64(4840af9fc15f67d)
moddate=0cafeda3ef69d601
width=850
height=350
textactive=0
[album-gato2.jpg]
filters=crop64=1,24390000b5ecffff;
crop=rect64(24390000b5ecffff)
moddate=2b087789036ad601
width=940
height=350
textactive=0
[menuPerrosGatos.jpg]
filters=crop64=1,f627aeffffe8f5;
crop=rect64(f627aeffffe8f5)
moddate=72f5d462046ad601
width=800
height=400
textactive=0
